#define FIRNbCOEFFS 52
const short CoeffsFIR[FIRNbCOEFFS] = {
    2.896452e-03,
    3.022685e-03,
    3.399472e-03,
    4.021100e-03,
    4.878146e-03,
    5.957618e-03,
    7.243153e-03,
    8.715264e-03,
    1.035163e-02,
    1.212746e-02,
    1.401581e-02,
    1.598808e-02,
    1.801436e-02,
    2.006393e-02,
    2.210573e-02,
    2.410880e-02,
    2.604278e-02,
    2.787835e-02,
    2.958769e-02,
    3.114488e-02,
    3.252632e-02,
    3.371107e-02,
    3.468117e-02,
    3.542192e-02,
    3.592207e-02,
    3.617406e-02,
    3.617406e-02,
    3.592207e-02,
    3.542192e-02,
    3.468117e-02,
    3.371107e-02,
    3.252632e-02,
    3.114488e-02,
    2.958769e-02,
    2.787835e-02,
    2.604278e-02,
    2.410880e-02,
    2.210573e-02,
    2.006393e-02,
    1.801436e-02,
    1.598808e-02,
    1.401581e-02,
    1.212746e-02,
    1.035163e-02,
    8.715264e-03,
    7.243153e-03,
    5.957618e-03,
    4.878146e-03,
    4.021100e-03,
    3.399472e-03,
    3.022685e-03,
    2.896452e-03
};
